LEARNING_RATE = 0.01 HIDDEN_WIDTH = 5 ACCURACY = 0.98
LEARNING_RATE = 0.01 HIDDEN_WIDTH = 10 ACCURACY = 0.98
LEARNING_RATE = 0.001 HIDDEN_WIDTH = 10 ACCURACY = 0.95
LEARNING_RATE = 0.1 HIDDEN_WIDTH = 10 ACCURACY = 0.998

Here are the weights for LEARNING_RATE = 0.1 HIDDEN_WIDTH = 10

b_h [ 1.71007918 -4.72954443 -2.61503244 -3.15671152 -4.00058145  0.99729886
  3.11981332 -1.18160652  2.64758048  1.10406166]
b_o [ 1.23454943 -2.97957992 -2.19018805 -8.10582295 -1.92184679 -0.9737983
 -0.9754129 ]
W_h [[ 1.67335100e+00 -4.71620580e+00 -2.74917382e+00 -2.72305083e+00
  -3.66404340e+00  1.28878869e+00  3.18423993e+00 -1.43679843e+00
   2.16588007e+00  8.11106128e-01]
 [-8.22478906e+00 -5.47668818e+00 -3.09700551e+00 -8.39526581e+00
   2.68179881e+01  3.58592603e-01 -2.99910932e+01  1.21428166e+01
  -8.67399671e+00  1.51380026e-02]
 [ 3.94916920e-01  1.53057439e+00  3.18893615e+00  6.03733885e+00
  -3.36378639e+00  9.19516875e-01  2.76202659e+00  3.63918737e+00
  -2.83233216e+00  8.73434738e-01]
 [-4.36387782e+00  4.75295997e+00  3.62095755e+00  1.58310847e+00
   1.12026081e+01  7.41510663e-01 -9.37830334e+00 -3.86187453e+00
  -3.46500178e+00  7.58817194e-01]
 [ 1.39433602e-01 -6.09352825e+00 -3.08439609e+00 -3.88196634e+00
  -2.53030890e+00  1.05392958e+00  3.28990221e+00 -3.93778386e-01
   7.50596988e-01  8.03171203e-01]
 [-3.20417702e+00  1.39112581e+01 -7.85825042e+00  3.80802084e+00
   8.27055784e+00  8.27172885e-01 -7.21856677e+00 -2.26061146e+00
   2.64610199e+00  4.29863624e-01]
 [ 5.63304073e-01 -1.26620606e+00  1.05353531e+00 -1.79041365e-01
   2.75336535e+00  7.64569489e-01  1.60922556e+00  1.47980789e+00
   3.86319023e-01  7.61356726e-01]
 [ 3.75557183e+00  7.43854474e+00  5.37963677e+00  8.71204820e+00
  -1.50822257e+01  5.19883758e-01  1.43325851e+01 -1.16275401e+01
   6.02297897e+00  1.12900173e+00]
 [ 1.94989427e-02 -1.45841728e+01  1.08850463e+01 -4.62687516e+00
   9.29772727e+00  8.39417037e-01  8.56162116e+00 -1.04139674e+00
  -3.68651570e+00  5.80971119e-01]
 [-1.75384592e+00 -2.05009058e+01  3.05563265e+00 -1.19379540e+01
   1.19157912e+01  6.01320951e-01 -7.82641967e+00  8.75153013e+00
  -6.63281400e+00  6.50734836e-01]]
W_o [[  1.91310758  -5.33298127   3.60930127  -7.8986368   -1.93934036
   -0.38189865  -1.01813771]
 [ 20.37245375  -1.05699804  -8.70014421 -12.83586222  -1.12229721
   -1.61074866  -1.20310892]
 [  9.78458056   0.03729607   8.7388452  -12.72751845  -7.3652117
   -1.0959686   -0.77132053]
 [ 13.51296277  -1.79071433  -8.01523105  -6.1266511   -1.72337356
   -1.24120647  -1.05618173]
 [-12.44754678  -1.88297211   7.80314344  22.7102825    1.12118699
    0.53287304  -1.75783305]
 [  0.74499964  -2.38653602  -2.06204841  -7.23181034  -2.0429074
   -1.08799305  -0.88539334]
 [ -9.00281734   9.30382584 -16.39099498  19.65255482  -7.03350922
   -1.17953076  -0.15315141]
 [ -4.95408139   5.96193164 -13.95479933 -12.7347858   16.5283716
   -2.39408528  -0.50853442]
 [  0.97849998  -6.18522436   8.44677614  -5.82234249  -0.75775014
   -1.18609279  -0.7842542 ]
 [  0.57924686  -2.34283081  -2.29447963  -7.83413655  -1.77723722
   -0.82345075  -0.99467969]]
