Iris
Cluster Means [[5.00408163 3.41632653 1.46530612 0.24489796]
 [6.70329797 2.90766483 5.59853224 1.95140005]
 [5.9304289  2.84520308 4.38566296 1.469077  ]]
Cluster Covariances [[[0.31057893 0.31057893 0.31057893 0.31057893]
  [0.31057893 0.31057893 0.31057893 0.31057893]
  [0.31057893 0.31057893 0.31057893 0.31057893]
  [0.31057893 0.31057893 0.31057893 0.31057893]]

 [[0.88859729 0.88859729 0.88859729 0.88859729]
  [0.88859729 0.88859729 0.88859729 0.88859729]
  [0.88859729 0.88859729 0.88859729 0.88859729]
  [0.88859729 0.88859729 0.88859729 0.88859729]]

 [[0.79183306 0.79183306 0.79183306 0.79183306]
  [0.79183306 0.79183306 0.79183306 0.79183306]
  [0.79183306 0.79183306 0.79183306 0.79183306]
  [0.79183306 0.79183306 0.79183306 0.79183306]]]
Iterations 12
Cluster Assignments [0 0 0 0 0 0 0 0 0 0 0 0 0 0 0 0 0 0 0 0 0 0 0 0 0 0 0 0 0 0 0 0 0 0 0 0 0
 0 0 0 0 0 0 0 0 0 0 0 0 2 2 2 2 2 2 2 2 2 2 2 2 2 2 2 2 2 2 1 2 2 2 1 2 2
 2 1 2 2 2 2 2 2 1 2 2 2 1 2 2 2 2 2 2 2 2 2 2 2 2 1 1 1 1 1 1 2 1 1 1 2 1
 1 1 2 2 1 1 1 1 1 2 1 1 1 1 2 2 1 1 1 1 1 1 1 1 2 1 2 1 1 2 1 1 1 1 1 1 2
 2]
Cluster Sizes [49 43 57]
Purity 0.8859060402684564

1R2RC

Cluster Means [[ 0.27198055 -0.46779802  0.27019109 -0.46830754  0.26758755 -0.46904015
   0.2654068  -0.4722552   0.26643676 -0.47375315  0.26589407 -0.4738814
   0.26277614 -0.47254918  0.26151068 -0.4720818   0.26027492 -0.47318768
   0.2603635  -0.47180597  0.26207744 -0.47428665  0.26300004 -0.47453822
   0.26347524 -0.47514167  0.2644986  -0.47428612  0.2627867  -0.47446446
   0.25919489 -0.47461193  0.25579901 -0.4760519   0.25412768 -0.47558568
   0.25348552 -0.47755985  0.25070923 -0.47696261  0.24914741 -0.47669802
   0.24346179 -0.47485148  0.24194951 -0.47413431  0.24135105 -0.47584921
   0.23983583 -0.4753274   0.23830495 -0.47691409  0.23785418 -0.47588154
   0.23741081 -0.4777291   0.23437299 -0.47711262]
 [-0.10395807 -0.24022744 -0.10506981 -0.24092939 -0.10733062 -0.24249191
  -0.10920335 -0.24586326 -0.10829058 -0.24799114 -0.10871118 -0.24803048
  -0.11101885 -0.24652136 -0.11168149 -0.24640666 -0.11241058 -0.2474625
  -0.11234559 -0.24683615 -0.11046384 -0.24875446 -0.10919484 -0.24894102
  -0.10823815 -0.24961251 -0.10700659 -0.24944762 -0.10829551 -0.24916672
  -0.1115481  -0.24946734 -0.11416763 -0.25051442 -0.11503807 -0.25081822
  -0.11502141 -0.25254725 -0.11734043 -0.25150161 -0.11876134 -0.25150916
  -0.123792   -0.24900598 -0.12457829 -0.24851427 -0.12422492 -0.249991
  -0.12510207 -0.24954705 -0.12620394 -0.25079916 -0.12670693 -0.25046448
  -0.12702789 -0.25209058 -0.12971868 -0.25150633]
 [-0.51531703  0.408705   -0.51615714  0.41067118 -0.51847824  0.41007
  -0.51983358  0.40827945 -0.52009177  0.40764904 -0.52091812  0.41135249
  -0.52190859  0.41701121 -0.52141628  0.41978337 -0.52152706  0.42183536
  -0.52251965  0.42479696 -0.51963087  0.42682297 -0.51641834  0.4300687
  -0.51360515  0.43265372 -0.5126699   0.43555365 -0.51415079  0.44063527
  -0.51791909  0.44446243 -0.5192102   0.44809689 -0.51979638  0.45123826
  -0.51931488  0.4543037  -0.52157597  0.46115796 -0.52348383  0.46551015
  -0.52780971  0.47437789 -0.52841474  0.47974569 -0.52736081  0.48353309
  -0.52774187  0.48895373 -0.52750631  0.49276478 -0.52857472  0.49668295
  -0.52924985  0.49955305 -0.53304996  0.50460108]]
Cluster Covariances [[[6.77176786 6.77176786 6.77176786 ... 6.77176786 6.77176786 6.77176786]
  [6.77176786 6.77176786 6.77176786 ... 6.77176786 6.77176786 6.77176786]
  [6.77176786 6.77176786 6.77176786 ... 6.77176786 6.77176786 6.77176786]
  ...
  [6.77176786 6.77176786 6.77176786 ... 6.77176786 6.77176786 6.77176786]
  [6.77176786 6.77176786 6.77176786 ... 6.77176786 6.77176786 6.77176786]
  [6.77176786 6.77176786 6.77176786 ... 6.77176786 6.77176786 6.77176786]]

 [[6.09642885 6.09642885 6.09642885 ... 6.09642885 6.09642885 6.09642885]
  [6.09642885 6.09642885 6.09642885 ... 6.09642885 6.09642885 6.09642885]
  [6.09642885 6.09642885 6.09642885 ... 6.09642885 6.09642885 6.09642885]
  ...
  [6.09642885 6.09642885 6.09642885 ... 6.09642885 6.09642885 6.09642885]
  [6.09642885 6.09642885 6.09642885 ... 6.09642885 6.09642885 6.09642885]
  [6.09642885 6.09642885 6.09642885 ... 6.09642885 6.09642885 6.09642885]]

 [[3.45182551 3.45182551 3.45182551 ... 3.45182551 3.45182551 3.45182551]
  [3.45182551 3.45182551 3.45182551 ... 3.45182551 3.45182551 3.45182551]
  [3.45182551 3.45182551 3.45182551 ... 3.45182551 3.45182551 3.45182551]
  ...
  [3.45182551 3.45182551 3.45182551 ... 3.45182551 3.45182551 3.45182551]
  [3.45182551 3.45182551 3.45182551 ... 3.45182551 3.45182551 3.45182551]
  [3.45182551 3.45182551 3.45182551 ... 3.45182551 3.45182551 3.45182551]]]
Iterations 34
Cluster Assignments [1 0 2 1 1 1 2 1 1 0 2 2 0 0 1 2 2 1 0 2 2 0 2 2 1 0 2 1 2 2 2 0 2 0 0 2 0
 1 0 1 0 0 0 2 0 1 2 2 1 1 0 1 2 0 0 0 0 2 0 0 0 1 1 0 0 1 0 1 1 0 1 0 1 0
 1 0 1 1 0 0 2 2 0 2 0 2 0 0 0 0 1 0 0 0 1 0 0 0 0 2 0 0 1 0 1 0 0 0 2 1 1
 0 0 2 0 2 1 0 1 0 2 1 0 0 0 0 0 1 1 0 0 1 0 1 0 1 1 0 1 1 1 0 0 2 1 0 2 0
 1 0 0 1 1 0 0 1 1 0 1 2 1 0 1 0 0 0 0 1 2 0 0 2 1 1 0 0 0 2 2 2 1 1 2 1 1
 0 1 0 0 1 1 0 1 2 0 0 1 2 2 2 0 0 0 0 2 0 1 0 1 0 0 0 1 0 1 1 0 2 1 1 1 0
 1 1 0 1 1 2 2 1 1 1 1 1 0 1 2 0 1 1 0 0 0 1 2 1 2 1 1 1 1 0 1 0 0 1 0 1 1
 1 1 2 2 0 1 0 1 1 0 1 2 1 1 1 1 0 1 1 1 2 0 0 2 1 2 0 1 1 2 1 1 2 1 1 0 1
 1 0 2 0 2 1 2 2 1 1 1 1 1 0 0 1 1 2 2 0 2 2 1 0 2 1 2 2 1 1 1 0 0 1 0 2 1
 2 1 2 0 2 1 1 1 0 1 1 2 1 1 2 2 2 2 1 2 2 0 1 1 2 2 2 0 2 2 0 1 1 2 2 2 2
 2 1 1 0 2 2 0 0 2 0 2 0 1 1 0 1 0 1 2 1 2 2 2 0 0 2 2 2 2 0 2 2 1 2 2 2 1
 2 2 2 1 1 2 1 2 1 2 0 2 2 2 0 2 2 2 0 2 0 2 0 1 0 1 2 1 1 2 2 2 1 2 2 2 1
 1 1 1 2 1 1 1 2 0 2 2 2 0 2]
Cluster Sizes [154 170 134]
Purity 0.6746724890829694

Dancing

Cluster Means [[ 3.37397751e-01 -4.53346702e-01  3.36183517e-01 -4.46870004e-01
   3.35300635e-01 -4.41672607e-01  3.34822491e-01 -4.37803081e-01
   3.34887786e-01 -4.35594939e-01  3.35590054e-01 -4.35179720e-01
   3.36907965e-01 -4.36588927e-01  3.38684526e-01 -4.39860711e-01
   3.40610180e-01 -4.44452840e-01  3.42503002e-01 -4.49927489e-01
   3.44350996e-01 -4.56335203e-01  3.46101533e-01 -4.63587248e-01
   3.47617875e-01 -4.71710887e-01  3.48338256e-01 -4.80356096e-01
   3.48302866e-01 -4.89800430e-01  3.47818430e-01 -5.00741595e-01
   3.46633226e-01 -5.13124122e-01  3.44323424e-01 -5.27014580e-01
   3.40795894e-01 -5.41829277e-01  3.36210405e-01 -5.57142278e-01
   3.30618773e-01 -5.71954537e-01  3.24634333e-01 -5.84811064e-01
   3.19334747e-01 -5.94961149e-01  3.15377906e-01 -6.01783740e-01
   3.12812472e-01 -6.04182435e-01  3.11498326e-01 -6.01430694e-01
   3.11814049e-01 -5.94057549e-01  3.12704742e-01 -5.83148930e-01
   3.13243466e-01 -5.70252825e-01  3.13423636e-01 -5.56375045e-01
   3.12922053e-01 -5.42952121e-01  3.12481101e-01 -5.31234669e-01
   3.12390335e-01 -5.22353289e-01  3.12366723e-01 -5.16716143e-01
   3.12421235e-01 -5.14648919e-01  3.12566252e-01 -5.16240622e-01
   3.12929101e-01 -5.21574973e-01  3.13501901e-01 -5.30157223e-01
   3.14147033e-01 -5.41483599e-01  3.14805751e-01 -5.54725808e-01]
 [-2.21772746e-01 -4.18841732e-01 -2.20967599e-01 -4.21582824e-01
  -2.20221364e-01 -4.24214515e-01 -2.19299237e-01 -4.26638480e-01
  -2.18216917e-01 -4.28096359e-01 -2.17529848e-01 -4.28252292e-01
  -2.17645619e-01 -4.27440727e-01 -2.18482056e-01 -4.25954023e-01
  -2.19733383e-01 -4.23987897e-01 -2.21170620e-01 -4.21832463e-01
  -2.22758201e-01 -4.19548267e-01 -2.24299119e-01 -4.17049852e-01
  -2.25680057e-01 -4.14826615e-01 -2.27004970e-01 -4.12784602e-01
  -2.28245707e-01 -4.10955254e-01 -2.29470395e-01 -4.09032346e-01
  -2.30778118e-01 -4.07266530e-01 -2.32289369e-01 -4.05540685e-01
  -2.33869457e-01 -4.03858710e-01 -2.35729118e-01 -4.02374699e-01
  -2.37378936e-01 -4.01028144e-01 -2.38814834e-01 -3.99717539e-01
  -2.39732626e-01 -3.98834972e-01 -2.40266440e-01 -3.98016720e-01
  -2.40407171e-01 -3.97558589e-01 -2.40003410e-01 -3.97258897e-01
  -2.39071836e-01 -3.97465492e-01 -2.37856598e-01 -3.98007030e-01
  -2.36638273e-01 -3.99035797e-01 -2.35429861e-01 -4.00298027e-01
  -2.34288075e-01 -4.02224793e-01 -2.33044831e-01 -4.04506693e-01
  -2.31925824e-01 -4.07242867e-01 -2.30865924e-01 -4.09995504e-01
  -2.29901298e-01 -4.11893283e-01 -2.29236182e-01 -4.12791523e-01
  -2.29026344e-01 -4.12552476e-01 -2.29482879e-01 -4.11559683e-01
  -2.30623924e-01 -4.10118476e-01 -2.31960172e-01 -4.08386661e-01]
 [ 8.81290183e-02 -4.47608525e-01  8.76898463e-02 -4.45760410e-01
   8.70865032e-02 -4.44603676e-01  8.67565352e-02 -4.43489047e-01
   8.65309898e-02 -4.43025007e-01  8.65887400e-02 -4.42648566e-01
   8.70167639e-02 -4.42881167e-01  8.79011608e-02 -4.43532042e-01
   8.83331075e-02 -4.44143636e-01  8.82803841e-02 -4.44862984e-01
   8.92035647e-02 -4.46315170e-01  8.97486061e-02 -4.47848725e-01
   9.04267251e-02 -4.50255682e-01  9.11343132e-02 -4.52313948e-01
   9.16383085e-02 -4.54918395e-01  9.19979129e-02 -4.58102890e-01
   9.21932181e-02 -4.62009078e-01  9.21334302e-02 -4.66770395e-01
   9.17630313e-02 -4.72074571e-01  9.10030739e-02 -4.77944005e-01
   8.94522389e-02 -4.83324947e-01  8.75774266e-02 -4.88076461e-01
   8.60610283e-02 -4.92301372e-01  8.48299844e-02 -4.94954473e-01
   8.38232020e-02 -4.95680107e-01  8.31296375e-02 -4.94167092e-01
   8.27207116e-02 -4.90724262e-01  8.23733314e-02 -4.86113949e-01
   8.19153486e-02 -4.80906643e-01  8.12572705e-02 -4.75750531e-01
   8.03207651e-02 -4.71158222e-01  7.94352776e-02 -4.67714109e-01
   7.87258127e-02 -4.65627913e-01  7.83238205e-02 -4.64543503e-01
   7.82711902e-02 -4.64372650e-01  7.85437122e-02 -4.64864139e-01
   7.93117575e-02 -4.65866988e-01  8.04468548e-02 -4.67822681e-01
   8.16618773e-02 -4.70882749e-01  8.28612555e-02 -4.75015747e-01]
 [-3.67928127e-01 -5.95654267e-02 -3.74712740e-01 -7.94602634e-02
  -3.78809684e-01 -9.52437869e-02 -3.79938791e-01 -1.04895458e-01
  -3.78469174e-01 -1.09049856e-01 -3.77034490e-01 -1.08203231e-01
  -3.75295081e-01 -1.03955861e-01 -3.72972901e-01 -9.60764175e-02
  -3.69009988e-01 -8.51207072e-02 -3.63854772e-01 -7.19590168e-02
  -3.57364136e-01 -5.75610075e-02 -3.50703742e-01 -4.26534855e-02
  -3.43630859e-01 -2.78518947e-02 -3.36155088e-01 -1.34410045e-02
  -3.28768771e-01  6.04852888e-04 -3.21320027e-01  1.37391670e-02
  -3.14176932e-01  2.66025766e-02 -3.07050744e-01  3.84457607e-02
  -3.00391308e-01  4.92676967e-02 -2.94234498e-01  5.83028019e-02
  -2.89080337e-01  6.58449479e-02 -2.84903643e-01  7.13576027e-02
  -2.82205686e-01  7.48531038e-02 -2.81372439e-01  7.64661542e-02
  -2.82690892e-01  7.58743265e-02 -2.86141221e-01  7.29833162e-02
  -2.91590932e-01  6.75377859e-02 -2.98662460e-01  5.91212065e-02
  -3.06612402e-01  4.85688205e-02 -3.14384198e-01  3.65774076e-02
  -3.20613067e-01  2.46387409e-02 -3.24763279e-01  1.36280005e-02
  -3.26877958e-01  4.80994721e-03 -3.27201392e-01 -1.20067472e-03
  -3.26708186e-01 -3.86132071e-03 -3.25579090e-01 -3.41667915e-03
  -3.23867335e-01  1.05380089e-04 -3.21248857e-01  6.92101453e-03
  -3.17501845e-01  1.58070213e-02 -3.12554435e-01  2.63997317e-02]
 [-2.31527712e-01 -1.66691368e-01 -2.32089160e-01 -1.70575188e-01
  -2.32124137e-01 -1.74313130e-01 -2.31925716e-01 -1.77037554e-01
  -2.31518350e-01 -1.78516755e-01 -2.31099043e-01 -1.78742131e-01
  -2.30493188e-01 -1.77653823e-01 -2.29567979e-01 -1.75355819e-01
  -2.28053883e-01 -1.72406023e-01 -2.25669392e-01 -1.68744838e-01
  -2.23307945e-01 -1.64706178e-01 -2.21161559e-01 -1.61022064e-01
  -2.19502036e-01 -1.57676151e-01 -2.18352832e-01 -1.54574771e-01
  -2.17476583e-01 -1.51879414e-01 -2.16783686e-01 -1.49767860e-01
  -2.16220157e-01 -1.47682597e-01 -2.15949286e-01 -1.45927490e-01
  -2.15754658e-01 -1.43997847e-01 -2.15797382e-01 -1.42246765e-01
  -2.15691439e-01 -1.40736658e-01 -2.15636970e-01 -1.39497532e-01
  -2.15411176e-01 -1.38510123e-01 -2.15213753e-01 -1.37763178e-01
  -2.15011177e-01 -1.37434711e-01 -2.14688537e-01 -1.37481205e-01
  -2.14287003e-01 -1.37971975e-01 -2.13954058e-01 -1.39102198e-01
  -2.13885665e-01 -1.40552013e-01 -2.13697329e-01 -1.42385015e-01
  -2.13556186e-01 -1.44755508e-01 -2.13331165e-01 -1.47743595e-01
  -2.13107514e-01 -1.50899403e-01 -2.12859290e-01 -1.54037707e-01
  -2.12585393e-01 -1.56115103e-01 -2.12509596e-01 -1.57029720e-01
  -2.12565939e-01 -1.56628321e-01 -2.12756133e-01 -1.55190320e-01
  -2.13055667e-01 -1.53125970e-01 -2.13398087e-01 -1.50739627e-01]]
Cluster Covariances [[[2.96306864 2.96306864 2.96306864 ... 2.96306864 2.96306864 2.96306864]
  [2.96306864 2.96306864 2.96306864 ... 2.96306864 2.96306864 2.96306864]
  [2.96306864 2.96306864 2.96306864 ... 2.96306864 2.96306864 2.96306864]
  ...
  [2.96306864 2.96306864 2.96306864 ... 2.96306864 2.96306864 2.96306864]
  [2.96306864 2.96306864 2.96306864 ... 2.96306864 2.96306864 2.96306864]
  [2.96306864 2.96306864 2.96306864 ... 2.96306864 2.96306864 2.96306864]]

 [[3.12037055 3.12037055 3.12037055 ... 3.12037055 3.12037055 3.12037055]
  [3.12037055 3.12037055 3.12037055 ... 3.12037055 3.12037055 3.12037055]
  [3.12037055 3.12037055 3.12037055 ... 3.12037055 3.12037055 3.12037055]
  ...
  [3.12037055 3.12037055 3.12037055 ... 3.12037055 3.12037055 3.12037055]
  [3.12037055 3.12037055 3.12037055 ... 3.12037055 3.12037055 3.12037055]
  [3.12037055 3.12037055 3.12037055 ... 3.12037055 3.12037055 3.12037055]]

 [[3.6505814  3.6505814  3.6505814  ... 3.6505814  3.6505814  3.6505814 ]
  [3.6505814  3.6505814  3.6505814  ... 3.6505814  3.6505814  3.6505814 ]
  [3.6505814  3.6505814  3.6505814  ... 3.6505814  3.6505814  3.6505814 ]
  ...
  [3.6505814  3.6505814  3.6505814  ... 3.6505814  3.6505814  3.6505814 ]
  [3.6505814  3.6505814  3.6505814  ... 3.6505814  3.6505814  3.6505814 ]
  [3.6505814  3.6505814  3.6505814  ... 3.6505814  3.6505814  3.6505814 ]]

 [[8.51471478 8.51471478 8.51471478 ... 8.51471478 8.51471478 8.51471478]
  [8.51471478 8.51471478 8.51471478 ... 8.51471478 8.51471478 8.51471478]
  [8.51471478 8.51471478 8.51471478 ... 8.51471478 8.51471478 8.51471478]
  ...
  [8.51471478 8.51471478 8.51471478 ... 8.51471478 8.51471478 8.51471478]
  [8.51471478 8.51471478 8.51471478 ... 8.51471478 8.51471478 8.51471478]
  [8.51471478 8.51471478 8.51471478 ... 8.51471478 8.51471478 8.51471478]]

 [[4.00383201 4.00383201 4.00383201 ... 4.00383201 4.00383201 4.00383201]
  [4.00383201 4.00383201 4.00383201 ... 4.00383201 4.00383201 4.00383201]
  [4.00383201 4.00383201 4.00383201 ... 4.00383201 4.00383201 4.00383201]
  ...
  [4.00383201 4.00383201 4.00383201 ... 4.00383201 4.00383201 4.00383201]
  [4.00383201 4.00383201 4.00383201 ... 4.00383201 4.00383201 4.00383201]
  [4.00383201 4.00383201 4.00383201 ... 4.00383201 4.00383201 4.00383201]]]
Iterations 18
Cluster Assignments [4 0 2 1 1 0 3 0 4 0 0 3 0 4 4 3 4 0 1 3 1 0 4 4 2 1 3 4 4 1 0 1 0 0 4 0 0
 1 0 2 3 0 3 1 3 0 1 1 0 1 4 0 0 3 1 2 3 2 1 3 0 0 1 2 1 0 4 1 0 0 3 3 2 1
 3 1 0 2 2 0 1 4 4 4 0 0 0 2 4 3 4 0 1 3 0 0 3 0 1 0 3 0 4 0 0 2 0 1 2 0 2
 0 2 0 0 0 1 4 1 0 4 2 0 4 4 1 2 4 0 2 4 0 2 0 1 1 3 4 1 2 1 4 2 3 4 0 2 1
 0 1 2 0 2 0 2 4 3 2 0 0 4 1 1 1 2 4 4 3 2 1 3 1 1 1 2 1 1 2 3 2 4 2 1 4 4
 3 0 0 4 0 1 0 1 1 4 0 2 2 0 3 1 0 4 3 4 3 2 0 1 4 0 1 1 4 2 2 0 3 0 2 1 4
 2 1 2 0 1 3 4 2 2 4 2 0 2 2 1 2 2 2 4 2 2 4 0 1 1 1 1 2 0 2 4 1 0 4 2 2 4
 1 2 2 3 2 2 0 2]
Cluster Sizes [71 59 58 31 48]
Purity 0.5805243445692884

